0.01|1.00000000089568e+00, 1.99999999829510e+00, 3.00000000472064e+00, 3.99999999584610e+00, 5.00000000281961e+00, 5.99999999824866e+00, 7.00000000446378e+00, 7.99999999652570e+00, 9.00000000132361e+00, 9.99999999728062e+00, 1.10000000041009e+01, 1.19999999952636e+01|-8.95675755785419e-10, 1.70490022100012e-09, -4.72063943490753e-09, 4.15389900254581e-09, -2.81961387571528e-09, 1.75134395874466e-09, -4.46378045637630e-09, 3.47429729430360e-09, -1.32361321902863e-09, 2.71938027651686e-09, -4.10093825564672e-09, 4.73643702036952e-09|4345
0.02|1.00000000089505e+00, 1.99999999829629e+00, 3.00000000471736e+00, 3.99999999584898e+00, 5.00000000281766e+00, 5.99999999824987e+00, 7.00000000446068e+00, 7.99999999652811e+00, 9.00000000132270e+00, 9.99999999728251e+00, 1.10000000040981e+01, 1.19999999952669e+01|-8.95052032490185e-10, 1.70371317054219e-09, -4.71735894791436e-09, 4.15101597539547e-09, -2.81766254772720e-09, 1.75012626613125e-09, -4.46067716097787e-09, 3.47188677807253e-09, -1.32269661889950e-09, 2.71749023283974e-09, -4.09808365020581e-09, 4.73314365478927e-09|2168
0.03|1.00000000089817e+00, 1.99999999829036e+00, 3.00000000473378e+00, 3.99999999583454e+00, 5.00000000282747e+00, 5.99999999824378e+00, 7.00000000447620e+00, 7.99999999651603e+00, 9.00000000132729e+00, 9.99999999727305e+00, 1.10000000041124e+01, 1.19999999952504e+01|-8.98165097851233e-10, 1.70964131740448e-09, -4.73377648191331e-09, 4.16546441783794e-09, -2.82747070201594e-09, 1.75621561737671e-09, -4.47620429611106e-09, 3.48397044547255e-09, -1.32729383039987e-09, 2.72694755665270e-09, -4.11235134833987e-09, 4.74962291718839e-09|1442
0.04|1.00000000088611e+00, 1.99999999831331e+00, 3.00000000467025e+00, 3.99999999589044e+00, 5.00000000278953e+00, 5.99999999826736e+00, 7.00000000441613e+00, 7.99999999656279e+00, 9.00000000130949e+00, 9.99999999730965e+00, 1.10000000040572e+01, 1.19999999953141e+01|-8.86108075803804e-10, 1.68669411770850e-09, -4.67024552364137e-09, 4.10956335628043e-09, -2.78952683174793e-09, 1.73264336211787e-09, -4.41613146051623e-09, 3.43721495710270e-09, -1.30948585308488e-09, 2.69034750033370e-09, -4.05715816498287e-09, 4.68588368107703e-09|1080
0.05|1.00000000088909e+00, 1.99999999830764e+00, 3.00000000468595e+00, 3.99999999587662e+00, 5.00000000279891e+00, 5.99999999826153e+00, 7.00000000443098e+00, 7.99999999655123e+00, 9.00000000131389e+00, 9.99999999730060e+00, 1.10000000040708e+01, 1.19999999952984e+01|-8.89085916000454e-10, 1.69236402669526e-09, -4.68594940628009e-09, 4.12338474475860e-09, -2.79891221310891e-09, 1.73846714801584e-09, -4.43098180369361e-09, 3.44877282287825e-09, -1.31388944168975e-09, 2.69939803843045e-09, -4.07080058550946e-09, 4.70164707166987e-09|862
0.06|1.00000000088448e+00, 1.99999999831641e+00, 3.00000000466167e+00, 3.99999999589798e+00, 5.00000000278441e+00, 5.99999999827054e+00, 7.00000000440803e+00, 7.99999999656909e+00, 9.00000000130708e+00, 9.99999999731459e+00, 1.10000000040497e+01, 1.19999999953227e+01|-8.84476714091420e-10, 1.68359481911295e-09, -4.66167149326679e-09, 4.10202405376481e-09, -2.78441181222888e-09, 1.72946013066166e-09, -4.40802683243646e-09, 3.43090533760915e-09, -1.30707888956749e-09, 2.68541100467701e-09, -4.04970990075526e-09, 4.67728789033117e-09|717
0.07|1.00000000089115e+00, 1.99999999830370e+00, 3.00000000469685e+00, 3.99999999586702e+00, 5.00000000280543e+00, 5.99999999825749e+00, 7.00000000444129e+00, 7.99999999654320e+00, 9.00000000131695e+00, 9.99999999729432e+00, 1.10000000040803e+01, 1.19999999952874e+01|-8.91150042647837e-10, 1.69629821300532e-09, -4.69684957593586e-09, 4.13298018031583e-09, -2.80542700181741e-09, 1.74251013618232e-09, -4.44129355514633e-09, 3.45679751490025e-09, -1.31694655181036e-09, 2.70567745985772e-09, -4.08027034382030e-09, 4.71258410073006e-09|613
0.08|1.00000000089785e+00, 1.99999999829095e+00, 3.00000000473218e+00, 3.99999999583593e+00, 5.00000000282653e+00, 5.99999999824438e+00, 7.00000000447470e+00, 7.99999999651720e+00, 9.00000000132685e+00, 9.99999999727398e+00, 1.10000000041110e+01, 1.19999999952520e+01|-8.97850460646055e-10, 1.70905489760287e-09, -4.73217509622259e-09, 4.16406775727296e-09, -2.82652834471264e-09, 1.75561520876499e-09, -4.47469883368967e-09, 3.48279538542329e-09, -1.32684796483318e-09, 2.72602385109622e-09, -4.11096223729146e-09, 4.74803485417397e-09|535
0.09|1.00000000088163e+00, 1.99999999832181e+00, 3.00000000464671e+00, 3.99999999591113e+00, 5.00000000277548e+00, 5.99999999827609e+00, 7.00000000439389e+00, 7.99999999658010e+00, 9.00000000130289e+00, 9.99999999732321e+00, 1.10000000040367e+01, 1.19999999953377e+01|-8.81632322702330e-10, 1.67818670071540e-09, -4.64671012778695e-09, 4.08886569047695e-09, -2.77548295457564e-09, 1.72390812736012e-09, -4.39388525563800e-09, 3.41989636609696e-09, -1.30288846378335e-09, 2.67679389764908e-09, -4.03671762683189e-09, 4.66228478046560e-09|475
0.10|1.00000000086559e+00, 1.99999999835235e+00, 3.00000000456216e+00, 3.99999999598553e+00, 5.00000000272499e+00, 5.99999999830746e+00, 7.00000000431394e+00, 7.99999999664233e+00, 9.00000000127918e+00, 9.99999999737192e+00, 1.10000000039633e+01, 1.19999999954225e+01|-8.65588045684262e-10, 1.64764957233388e-09, -4.56215998312359e-09, 4.01446920150761e-09, -2.72498557052359e-09, 1.69253855375473e-09, -4.31393853972395e-09, 3.35766880965593e-09, -1.27918120540471e-09, 2.62808441675588e-09, -3.96326882423637e-09, 4.57745841231372e-09|427
0.11|1.00000000087946e+00, 1.99999999832594e+00, 3.00000000463530e+00, 3.99999999592117e+00, 5.00000000276868e+00, 5.99999999828033e+00, 7.00000000438310e+00, 7.99999999658850e+00, 9.00000000129969e+00, 9.99999999732978e+00, 1.10000000040268e+01, 1.19999999953491e+01|-8.79464279179842e-10, 1.67406466466957e-09, -4.63530369643195e-09, 4.07883238295881e-09, -2.76867506698864e-09, 1.71967240447657e-09, -4.38310454597968e-09, 3.41150308003080e-09, -1.29968924511559e-09, 2.67022315370014e-09, -4.02681088473855e-09, 4.65085037149038e-09|387
0.12|1.00000000087830e+00, 1.99999999832815e+00, 3.00000000462916e+00, 3.99999999592657e+00, 5.00000000276501e+00, 5.99999999828260e+00, 7.00000000437730e+00, 7.99999999659302e+00, 9.00000000129797e+00, 9.99999999733332e+00, 1.10000000040215e+01, 1.19999999953553e+01|-8.78297878870171e-10, 1.67184510679874e-09, -4.62916238674893e-09, 4.07343092589940e-09, -2.76500955465053e-09, 1.71739511500846e-09, -4.37729763547168e-09, 3.40698402823136e-09, -1.29796973169505e-09, 2.66668465087605e-09, -4.02147648514983e-09, 4.64468818961450e-09|354
0.13|1.00000000088087e+00, 1.99999999832325e+00, 3.00000000464274e+00, 3.99999999591462e+00, 5.00000000277312e+00, 5.99999999827757e+00, 7.00000000439014e+00, 7.99999999658302e+00, 9.00000000130178e+00, 9.99999999732549e+00, 1.10000000040333e+01, 1.19999999953417e+01|-8.80871819930462e-10, 1.67674718554167e-09, -4.64273819389405e-09, 4.08538003426884e-09, -2.77312217633607e-09, 1.72243108664816e-09, -4.39013714270686e-09, 3.41697692363141e-09, -1.30177646440188e-09, 2.67450595003993e-09, -4.03327149456345e-09, 4.65831462292954e-09|326
0.14|1.00000000088341e+00, 1.99999999831842e+00, 3.00000000465613e+00, 3.99999999590283e+00, 5.00000000278112e+00, 5.99999999827260e+00, 7.00000000440281e+00, 7.99999999657316e+00, 9.00000000130553e+00, 9.99999999731778e+00, 1.10000000040449e+01, 1.19999999953282e+01|-8.83412010210805e-10, 1.68158376112615e-09, -4.65613370081996e-09, 4.09716793825510e-09, -2.78112466389757e-09, 1.72739955672796e-09, -4.40280523150705e-09, 3.42683570409008e-09, -1.30553168276037e-09, 2.68222244415028e-09, -4.04490840821836e-09, 4.67175809149012e-09|302
0.15|1.00000000089752e+00, 1.99999999829155e+00, 3.00000000473052e+00, 3.99999999583737e+00, 5.00000000282556e+00, 5.99999999824500e+00, 7.00000000447315e+00, 7.99999999651842e+00, 9.00000000132639e+00, 9.99999999727492e+00, 1.10000000041095e+01, 1.19999999952536e+01|-8.97524499166025e-10, 1.70844827174221e-09, -4.73051997573748e-09, 4.16262668778700e-09, -2.82555845387833e-09, 1.75499614840646e-09, -4.47314540963362e-09, 3.48158391005882e-09, -1.32639144112545e-09, 2.72507527654398e-09, -4.10953227003574e-09, 4.74639527681120e-09|281
0.16|1.00000000088838e+00, 1.99999999830895e+00, 3.00000000468236e+00, 3.99999999587975e+00, 5.00000000279679e+00, 5.99999999826287e+00, 7.00000000442761e+00, 7.99999999655386e+00, 9.00000000131289e+00, 9.99999999730267e+00, 1.10000000040677e+01, 1.19999999953019e+01|-8.88384699138101e-10, 1.69105329739239e-09, -4.68235983319687e-09, 4.12024991902626e-09, -2.79679390757792e-09, 1.73712777495894e-09, -4.42760850205559e-09, 3.44613937386384e-09, -1.31288757643233e-09, 2.69733213542622e-09, -4.06769729011103e-09, 4.69808014713635e-09|263
0.17|1.00000000088694e+00, 1.99999999831169e+00, 3.00000000467476e+00, 3.99999999588643e+00, 5.00000000279226e+00, 5.99999999826569e+00, 7.00000000442043e+00, 7.99999999655945e+00, 9.00000000131076e+00, 9.99999999730704e+00, 1.10000000040611e+01, 1.19999999953095e+01|-8.86941631250693e-10, 1.68830860403091e-09, -4.67476235499475e-09, 4.11356637641802e-09, -2.79225798038851e-09, 1.73430869665481e-09, -4.42042580317548e-09, 3.44054740253341e-09, -1.31075772458189e-09, 2.69295519217394e-09, -4.06109457173898e-09, 4.69045602358165e-09|247
0.18|1.00000000087010e+00, 1.99999999834374e+00, 3.00000000458602e+00, 3.99999999596452e+00, 5.00000000273925e+00, 5.99999999829861e+00, 7.00000000433651e+00, 7.99999999662477e+00, 9.00000000128587e+00, 9.99999999735816e+00, 1.10000000039840e+01, 1.19999999953986e+01|-8.70102656591598e-10, 1.65625735348840e-09, -4.58602000819042e-09, 4.03547861793641e-09, -2.73925326865765e-09, 1.70138569899336e-09, -4.33651159426063e-09, 3.37523431426234e-09, -1.28587451797557e-09, 2.64183519504968e-09, -3.98400246126585e-09, 4.60141613700671e-09|233
0.19|1.00000000088776e+00, 1.99999999831014e+00, 3.00000000467906e+00, 3.99999999588264e+00, 5.00000000279483e+00, 5.99999999826410e+00, 7.00000000442450e+00, 7.99999999655629e+00, 9.00000000131196e+00, 9.99999999730457e+00, 1.10000000040648e+01, 1.19999999953052e+01|-8.87755646772348e-10, 1.68986047377473e-09, -4.67906469125978e-09, 4.11735578964567e-09, -2.79483103327038e-09, 1.73590386509659e-09, -4.42449543669454e-09, 3.44371464677806e-09, -1.31196387087584e-09, 2.69543320996490e-09, -4.06483380288591e-09, 4.69477789977191e-09|220
0.20|1.00000000085182e+00, 1.99999999837854e+00, 3.00000000448968e+00, 3.99999999604929e+00, 5.00000000268171e+00, 5.99999999833436e+00, 7.00000000424542e+00, 7.99999999669567e+00, 9.00000000125886e+00, 9.99999999741366e+00, 1.10000000039003e+01, 1.19999999954952e+01|-8.51821946312725e-10, 1.62146274185204e-09, -4.48968240363001e-09, 3.95070998138181e-09, -2.68171440609422e-09, 1.66564362302779e-09, -4.24542001553618e-09, 3.30433369555294e-09, -1.25886323587565e-09, 2.58633825467314e-09, -3.90031118513434e-09, 4.50476278501810e-09|209
0.21|1.00000000082074e+00, 1.99999999843770e+00, 3.00000000432586e+00, 3.99999999619344e+00, 5.00000000258387e+00, 5.99999999839513e+00, 7.00000000409051e+00, 7.99999999681623e+00, 9.00000000121293e+00, 9.99999999750803e+00, 1.10000000037580e+01, 1.19999999956596e+01|-8.20739254336900e-10, 1.56229718051293e-09, -4.32586366727605e-09, 3.80655906795369e-09, -2.58386645413111e-09, 1.60486735012455e-09, -4.09051281735628e-09, 3.18376525143549e-09, -1.21293020072244e-09, 2.49196929758000e-09, -3.75800013330263e-09, 4.34039648666840e-09|199
0.22|1.00000000086347e+00, 1.99999999835637e+00, 3.00000000455107e+00, 3.99999999599527e+00, 5.00000000271839e+00, 5.99999999831158e+00, 7.00000000430347e+00, 7.99999999665048e+00, 9.00000000127608e+00, 9.99999999737830e+00, 1.10000000039536e+01, 1.19999999954336e+01|-8.63466853573414e-10, 1.64363145316315e-09, -4.55107063146443e-09, 4.00473121331402e-09, -2.71838551668679e-09, 1.68841562953048e-09, -4.30346958069094e-09, 3.34951533176309e-09, -1.27607791000628e-09, 2.62170374298876e-09, -3.95364274652366e-09, 4.56636151113798e-09|189
0.23|1.00000000089661e+00, 1.99999999829328e+00, 3.00000000472575e+00, 3.99999999584156e+00, 5.00000000282272e+00, 5.99999999824678e+00, 7.00000000446864e+00, 7.99999999652193e+00, 9.00000000132505e+00, 9.99999999727767e+00, 1.10000000041054e+01, 1.19999999952584e+01|-8.96607232903079e-10, 1.70671610177919e-09, -4.72574646082080e-09, 4.15843981471653e-09, -2.82272161200581e-09, 1.75322156792390e-09, -4.46864234504574e-09, 3.47807382894416e-09, -1.32505384442538e-09, 2.72232725251342e-09, -4.10538980588626e-09, 4.74162575869741e-09|180
0.24|1.00000000081529e+00, 1.99999999844807e+00, 3.00000000429717e+00, 3.99999999621868e+00, 5.00000000256674e+00, 5.99999999840578e+00, 7.00000000406339e+00, 7.99999999683735e+00, 9.00000000120489e+00, 9.99999999752456e+00, 1.10000000037331e+01, 1.19999999956884e+01|-8.15292056088879e-10, 1.55193324857805e-09, -4.29717195160606e-09, 3.78131659317660e-09, -2.56673526877194e-09, 1.59422075540760e-09, -4.06338696024022e-09, 3.16265147404238e-09, -1.20488685695364e-09, 2.47544207354622e-09, -3.73307784684584e-09, 4.31161595315643e-09|173
0.25|1.00000000088100e+00, 1.99999999832298e+00, 3.00000000464351e+00, 3.99999999591392e+00, 5.00000000277361e+00, 5.99999999827729e+00, 7.00000000439089e+00, 7.99999999658245e+00, 9.00000000130200e+00, 9.99999999732504e+00, 1.10000000040340e+01, 1.19999999953409e+01|-8.81003270336578e-10, 1.67701519337982e-09, -4.64351446183286e-09, 4.08608213930961e-09, -2.77360800993165e-09, 1.72271175102878e-09, -4.39088676529309e-09, 3.41755335142579e-09, -1.30199850900681e-09, 2.67495536832030e-09, -4.03395539194662e-09, 4.65912286529147e-09|165
0.26|1.00000000081137e+00, 1.99999999845553e+00, 3.00000000427650e+00, 3.99999999623687e+00, 5.00000000255439e+00, 5.99999999841345e+00, 7.00000000404384e+00, 7.99999999685256e+00, 9.00000000119909e+00, 9.99999999753647e+00, 1.10000000037151e+01, 1.19999999957091e+01|-8.11368749964458e-10, 1.54446500033600e-09, -4.27649959888754e-09, 3.76312714323035e-09, -2.55438870055968e-09, 1.58655044657507e-09, -4.04383992957946e-09, 3.14743697771291e-09, -1.19909060458667e-09, 2.46353160093804e-09, -3.71511887919951e-09, 4.29087698705644e-09|159
0.27|1.00000000088876e+00, 1.99999999830822e+00, 3.00000000468440e+00, 3.99999999587794e+00, 5.00000000279803e+00, 5.99999999826212e+00, 7.00000000442955e+00, 7.99999999655236e+00, 9.00000000131346e+00, 9.99999999730149e+00, 1.10000000040695e+01, 1.19999999952999e+01|-8.88757956118980e-10, 1.69177871711668e-09, -4.68439687040245e-09, 4.12205913846719e-09, -2.79802936375972e-09, 1.73787650936674e-09, -4.42954739554580e-09, 3.44764394810682e-09, -1.31346311604830e-09, 2.69850630729707e-09, -4.06947187059359e-09, 4.70014605014057e-09|152
0.28|1.00000000080721e+00, 1.99999999846346e+00, 3.00000000425457e+00, 3.99999999625617e+00, 5.00000000254129e+00, 5.99999999842159e+00, 7.00000000402311e+00, 7.99999999686870e+00, 9.00000000119294e+00, 9.99999999754910e+00, 1.10000000036961e+01, 1.19999999957311e+01|-8.07205635666719e-10, 1.53654400314451e-09, -4.25456869734830e-09, 3.74383235524078e-09, -2.54129073340437e-09, 1.57841295589378e-09, -4.02310540437156e-09, 3.13129877582696e-09, -1.19294440992235e-09, 2.45089815109623e-09, -3.69606745209694e-09, 4.26887503124362e-09|147
0.29|1.00000000087264e+00, 1.99999999833891e+00, 3.00000000459943e+00, 3.99999999595271e+00, 5.00000000274728e+00, 5.99999999829365e+00, 7.00000000434920e+00, 7.99999999661489e+00, 9.00000000128964e+00, 9.99999999735044e+00, 1.10000000039957e+01, 1.19999999953851e+01|-8.72635075310768e-10, 1.66109082044841e-09, -4.59942972597105e-09, 4.04729405545368e-09, -2.74727973703648e-09, 1.70635416907317e-09, -4.34920366387814e-09, 3.38511085828941e-09, -1.28964039447510e-09, 2.64956234730107e-09, -3.99565891484599e-09, 4.61489513270408e-09|141
0.30|1.00000000087038e+00, 1.99999999834320e+00, 3.00000000458755e+00, 3.99999999596316e+00, 5.00000000274018e+00, 5.99999999829805e+00, 7.00000000433797e+00, 7.99999999662363e+00, 9.00000000128631e+00, 9.99999999735728e+00, 1.10000000039853e+01, 1.19999999953970e+01|-8.70380212347754e-10, 1.65679980845823e-09, -4.58754900733993e-09, 4.03684063954302e-09, -2.74018407964149e-09, 1.70194702775461e-09, -4.33797087140420e-09, 3.37636585356904e-09, -1.28630794904439e-09, 2.64271626804202e-09, -3.98533828160907e-09, 4.60297400195486e-09|136
0.31|1.00000000078977e+00, 1.99999999849664e+00, 3.00000000416270e+00, 3.99999999633701e+00, 5.00000000248642e+00, 5.99999999845567e+00, 7.00000000393623e+00, 7.99999999693632e+00, 9.00000000116718e+00, 9.99999999760202e+00, 1.10000000036163e+01, 1.19999999958233e+01|-7.89773801912474e-10, 1.50336254556294e-09, -4.16269907432820e-09, 3.66299257592573e-09, -2.48642084699213e-09, 1.54432910903779e-09, -3.93623356131911e-09, 3.06368441727045e-09, -1.16718368303736e-09, 2.39797515177997e-09, -3.61625751565953e-09, 4.17669809849031e-09|132
0.32|1.00000000085790e+00, 1.99999999836696e+00, 3.00000000452176e+00, 3.99999999602105e+00, 5.00000000270089e+00, 5.99999999832246e+00, 7.00000000427576e+00, 7.99999999667205e+00, 9.00000000126786e+00, 9.99999999739518e+00, 1.10000000039282e+01, 1.19999999954630e+01|-8.57896642614264e-10, 1.63303726097297e-09, -4.52175807907906e-09, 3.97894961423617e-09, -2.70088928999712e-09, 1.67753810842441e-09, -4.27575930217472e-09, 3.32794591884067e-09, -1.26786225962405e-09, 2.60481769487342e-09, -3.92818577665821e-09, 4.53696813451643e-09|127
0.33|1.00000000084011e+00, 1.99999999840082e+00, 3.00000000442802e+00, 3.99999999610353e+00, 5.00000000264490e+00, 5.99999999835724e+00, 7.00000000418713e+00, 7.99999999674104e+00, 9.00000000124158e+00, 9.99999999744918e+00, 1.10000000038468e+01, 1.19999999955571e+01|-8.40111091804374e-10, 1.59918456255070e-09, -4.42802239319917e-09, 3.89646759302309e-09, -2.64490207513290e-09, 1.64276148240106e-09, -4.18712531313759e-09, 3.25895843644730e-09, -1.24157928382829e-09, 2.55082177602617e-09, -3.84675402642642e-09, 4.44291714529754e-09|123
0.34|1.00000000085293e+00, 1.99999999837642e+00, 3.00000000449558e+00, 3.99999999604408e+00, 5.00000000268525e+00, 5.99999999833218e+00, 7.00000000425101e+00, 7.99999999669132e+00, 9.00000000126052e+00, 9.99999999741026e+00, 1.10000000039054e+01, 1.19999999954893e+01|-8.52928616623672e-10, 1.62358260169526e-09, -4.49557946424761e-09, 3.95591603918888e-09, -2.68525468527514e-09, 1.66782498922657e-09, -4.25100754597452e-09, 3.30867955256053e-09, -1.26052235316365e-09, 2.58973820166375e-09, -3.90544308004337e-09, 4.51070114593222e-09|119
0.35|1.00000000089800e+00, 1.99999999829063e+00, 3.00000000473312e+00, 3.99999999583506e+00, 5.00000000282714e+00, 5.99999999824405e+00, 7.00000000447562e+00, 7.99999999651649e+00, 9.00000000132713e+00, 9.99999999727342e+00, 1.10000000041118e+01, 1.19999999952510e+01|-8.97995677817676e-10, 1.70936931276344e-09, -4.73311922988273e-09, 4.16494083665953e-09, -2.82713941146540e-09, 1.75595094020764e-09, -4.47562431560300e-09, 3.48350592815905e-09, -1.32712685285696e-09, 2.72657629807327e-09, -4.11180067771966e-09, 4.74904027214507e-09|115
0.36|1.00000000083239e+00, 1.99999999841552e+00, 3.00000000438732e+00, 3.99999999613934e+00, 5.00000000262059e+00, 5.99999999837234e+00, 7.00000000414864e+00, 7.99999999677099e+00, 9.00000000123017e+00, 9.99999999747262e+00, 1.10000000038114e+01, 1.19999999955979e+01|-8.32388602489686e-10, 1.58448432152625e-09, -4.38732472574088e-09, 3.86065712731920e-09, -2.62059440814255e-09, 1.62766244926615e-09, -4.14864231856882e-09, 3.22900639559975e-09, -1.23016796749198e-09, 2.52737564210292e-09, -3.81139919625184e-09, 4.40208580698709e-09|112
0.37|1.00000000079265e+00, 1.99999999849115e+00, 3.00000000417789e+00, 3.99999999632363e+00, 5.00000000249550e+00, 5.99999999845004e+00, 7.00000000395061e+00, 7.99999999692513e+00, 9.00000000117145e+00, 9.99999999759327e+00, 1.10000000036295e+01, 1.19999999958081e+01|-7.92652610215328e-10, 1.50884682525998e-09, -4.17789314255401e-09, 3.67636765474799e-09, -2.49550069497673e-09, 1.54996460111079e-09, -3.95060606450670e-09, 3.07486924810974e-09, -1.17144516309509e-09, 2.40673081464138e-09, -3.62945939968995e-09, 4.19194989831340e-09|109
0.38|1.00000000077559e+00, 1.99999999852364e+00, 3.00000000408794e+00, 3.99999999640279e+00, 5.00000000244177e+00, 5.99999999848341e+00, 7.00000000386555e+00, 7.99999999699133e+00, 9.00000000114622e+00, 9.99999999764509e+00, 1.10000000035513e+01, 1.19999999958983e+01|-7.75585817791580e-10, 1.47635992320261e-09, -4.08794065265283e-09, 3.59721319398432e-09, -2.44177122965539e-09, 1.51659218516897e-09, -3.86554699360886e-09, 3.00866531688371e-09, -1.14622444868928e-09, 2.35491270927923e-09, -3.55131746232473e-09, 4.10169676001715e-09|106
0.39|1.00000000077992e+00, 1.99999999851538e+00, 3.00000000411081e+00, 3.99999999638266e+00, 5.00000000245543e+00, 5.99999999847492e+00, 7.00000000388717e+00, 7.99999999697451e+00, 9.00000000115264e+00, 9.99999999763192e+00, 1.10000000035712e+01, 1.19999999958754e+01|-7.79924125282605e-10, 1.48461820614898e-09, -4.11080636197880e-09, 3.61733576426104e-09, -2.45543052557196e-09, 1.52507695361237e-09, -3.88717058541488e-09, 3.02549452158019e-09, -1.15263532052268e-09, 2.36808439524339e-09, -3.57118246085975e-09, 4.12464018495484e-09|103
0.40|1.00000000080619e+00, 1.99999999846539e+00, 3.00000000424924e+00, 3.99999999626085e+00, 5.00000000253812e+00, 5.99999999842357e+00, 7.00000000401808e+00, 7.99999999687262e+00, 9.00000000119145e+00, 9.99999999755217e+00, 1.10000000036914e+01, 1.19999999957365e+01|-8.06188227286952e-10, 1.53461354734930e-09, -4.24924362363299e-09, 3.73915476359343e-09, -2.53812171280288e-09, 1.57643498255311e-09, -4.01807564998080e-09, 3.12738190899609e-09, -1.19145227017725e-09, 2.44783215919142e-09, -3.69144537160082e-09, 4.26354418436858e-09|100
0.41|1.00000000085678e+00, 1.99999999836908e+00, 3.00000000451592e+00, 3.99999999602618e+00, 5.00000000269741e+00, 5.99999999832463e+00, 7.00000000427024e+00, 7.99999999667635e+00, 9.00000000126622e+00, 9.99999999739855e+00, 1.10000000039231e+01, 1.19999999954689e+01|-8.56783533009775e-10, 1.63092406246790e-09, -4.51591741779112e-09, 3.97381727523793e-09, -2.69740940694874e-09, 1.67536917672351e-09, -4.27024282600996e-09, 3.32364979982458e-09, -1.26622445861813e-09, 2.60145327501959e-09, -3.92311427788172e-09, 4.53111681508744e-09|97
0.42|1.00000000077116e+00, 1.99999999853207e+00, 3.00000000406461e+00, 3.99999999642332e+00, 5.00000000242784e+00, 5.99999999849206e+00, 7.00000000384349e+00, 7.99999999700851e+00, 9.00000000113968e+00, 9.99999999765853e+00, 1.10000000035310e+01, 1.19999999959217e+01|-7.71158026324770e-10, 1.46793244226728e-09, -4.06460820556731e-09, 3.57668383799137e-09, -2.42783837478555e-09, 1.50793511011216e-09, -3.84348641802035e-09, 2.99149238713881e-09, -1.13968212644977e-09, 2.34147279343233e-09, -3.53104745443034e-09, 4.07828970594437e-09|95
0.43|1.00000000086243e+00, 1.99999999835832e+00, 3.00000000454570e+00, 3.99999999599998e+00, 5.00000000271520e+00, 5.99999999831358e+00, 7.00000000429840e+00, 7.99999999665443e+00, 9.00000000127458e+00, 9.99999999738139e+00, 1.10000000039490e+01, 1.19999999954390e+01|-8.62432569803673e-10, 1.64167723859521e-09, -4.54569537566840e-09, 4.00002075906514e-09, -2.71519606798165e-09, 1.68641633990774e-09, -4.29840163462814e-09, 3.34556826686594e-09, -1.27457511212015e-09, 2.61860755301768e-09, -3.94898336253391e-09, 4.56099513712616e-09|92
0.44|1.00000000080884e+00, 1.99999999846034e+00, 3.00000000426322e+00, 3.99999999624855e+00, 5.00000000254647e+00, 5.99999999841838e+00, 7.00000000403129e+00, 7.99999999686233e+00, 9.00000000119537e+00, 9.99999999754412e+00, 1.10000000037036e+01, 1.19999999957224e+01|-8.08838329646733e-10, 1.53966017713003e-09, -4.26321822288855e-09, 3.75145337017102e-09, -2.54647058994806e-09, 1.58161839181048e-09, -4.03129352122278e-09, 3.13766701509621e-09, -1.19536913700813e-09, 2.45588260838758e-09, -3.70358677059812e-09, 4.27756852161565e-09|90
0.45|1.00000000077253e+00, 1.99999999852946e+00, 3.00000000407182e+00, 3.99999999641696e+00, 5.00000000243215e+00, 5.99999999848939e+00, 7.00000000385031e+00, 7.99999999700319e+00, 9.00000000114171e+00, 9.99999999765437e+00, 1.10000000035373e+01, 1.19999999959145e+01|-7.72526043135713e-10, 1.47053724752766e-09, -4.07182376704895e-09, 3.58303609004906e-09, -2.43214870465636e-09, 1.51061207986913e-09, -3.85031118099732e-09, 2.99680547044545e-09, -1.14170539688985e-09, 2.34562769207969e-09, -3.53731444135974e-09, 4.08553013642177e-09|88
0.46|1.00000000075151e+00, 1.99999999856946e+00, 3.00000000396108e+00, 3.99999999651442e+00, 5.00000000236600e+00, 5.99999999853047e+00, 7.00000000374559e+00, 7.99999999708470e+00, 9.00000000111065e+00, 9.99999999771817e+00, 1.10000000034411e+01, 1.19999999960256e+01|-7.51513518082447e-10, 1.43054101897633e-09, -3.96107813216418e-09, 3.48558470975036e-09, -2.36599984049235e-09, 1.46952672253065e-09, -3.74558961624416e-09, 2.91529822504799e-09, -1.11065467933713e-09, 2.28183338890631e-09, -3.44110873129466e-09, 3.97441191068992e-09|86
0.47|1.00000000074472e+00, 1.99999999858239e+00, 3.00000000392528e+00, 3.99999999654592e+00, 5.00000000234462e+00, 5.99999999854375e+00, 7.00000000371174e+00, 7.99999999711105e+00, 9.00000000110062e+00, 9.99999999773879e+00, 1.10000000034100e+01, 1.19999999960615e+01|-7.44722283840815e-10, 1.41761291594378e-09, -3.92528098913658e-09, 3.45408412982806e-09, -2.34461872139491e-09, 1.45624579062087e-09, -3.71174113666939e-09, 2.88895218858443e-09, -1.10061648683768e-09, 2.26120988600087e-09, -3.41001005210728e-09, 3.93849752811093e-09|84
0.48|1.00000000075187e+00, 1.99999999856877e+00, 3.00000000396298e+00, 3.99999999651275e+00, 5.00000000236713e+00, 5.99999999852977e+00, 7.00000000374738e+00, 7.99999999708331e+00, 9.00000000111118e+00, 9.99999999771707e+00, 1.10000000034428e+01, 1.19999999960237e+01|-7.51874118520846e-10, 1.43122580453792e-09, -3.96297616944707e-09, 3.48725448517939e-09, -2.36713493251273e-09, 1.47023104801747e-09, -3.74738373665195e-09, 2.91669444152376e-09, -1.11118403367527e-09, 2.28292584836254e-09, -3.44275719044163e-09, 3.97631794157860e-09|82
0.49|1.00000000077348e+00, 1.99999999852764e+00, 3.00000000407687e+00, 3.99999999641252e+00, 5.00000000243516e+00, 5.99999999848751e+00, 7.00000000385508e+00, 7.99999999699948e+00, 9.00000000114312e+00, 9.99999999765146e+00, 1.10000000035417e+01, 1.19999999959094e+01|-7.73482389249125e-10, 1.47235801328804e-09, -4.07686950865127e-09, 3.58747564987993e-09, -2.43516407039124e-09, 1.51248524815628e-09, -3.85508069911111e-09, 3.00051894441822e-09, -1.14311937693401e-09, 2.34853558822579e-09, -3.54169849003938e-09, 4.09059275341406e-09|80
0.50|1.00000000081091e+00, 1.99999999845640e+00, 3.00000000427414e+00, 3.99999999623893e+00, 5.00000000255300e+00, 5.99999999841433e+00, 7.00000000404162e+00, 7.99999999685429e+00, 9.00000000119844e+00, 9.99999999753782e+00, 1.10000000037131e+01, 1.19999999957115e+01|-8.10909117632264e-10, 1.54360302317968e-09, -4.27414104109403e-09, 3.76106790156427e-09, -2.55299870133285e-09, 1.58567026176115e-09, -4.04162303624389e-09, 3.14570858250818e-09, -1.19843512891293e-09, 2.46217624066958e-09, -3.71307784519104e-09, 4.28853219602843e-09|78
0.51|1.00000000086651e+00, 1.99999999835056e+00, 3.00000000456721e+00, 3.99999999598104e+00, 5.00000000272805e+00, 5.99999999830560e+00, 7.00000000431875e+00, 7.99999999663860e+00, 9.00000000128061e+00, 9.99999999736900e+00, 1.10000000039677e+01, 1.19999999954174e+01|-8.66511751240751e-10, 1.64944413683088e-09, -4.56721016561801e-09, 4.01895672297314e-09, -2.72805067424997e-09, 1.69439573483032e-09, -4.31874802586663e-09, 3.36140359991077e-09, -1.28060939630359e-09, 2.63100297104302e-09, -3.96767774191176e-09, 4.58258853086591e-09|76
0.52|1.00000000073770e+00, 1.99999999859575e+00, 3.00000000388830e+00, 3.99999999657846e+00, 5.00000000232253e+00, 5.99999999855748e+00, 7.00000000367677e+00, 7.99999999713827e+00, 9.00000000109025e+00, 9.99999999776009e+00, 1.10000000033779e+01, 1.19999999960986e+01|-7.37704786146764e-10, 1.40425471251149e-09, -3.88829635156185e-09, 3.42154216070867e-09, -2.32252883591855e-09, 1.44252343403650e-09, -3.67676999957212e-09, 2.86173307273430e-09, -1.09024789196610e-09, 2.23990603842594e-09, -3.37788286230989e-09, 3.90138765737902e-09|75
0.53|1.00000000081489e+00, 1.99999999844883e+00, 3.00000000429510e+00, 3.99999999622049e+00, 5.00000000256552e+00, 5.99999999840655e+00, 7.00000000406144e+00, 7.99999999683886e+00, 9.00000000120431e+00, 9.99999999752575e+00, 1.10000000037313e+01, 1.19999999956904e+01|-8.14885492417261e-10, 1.55117274580618e-09, -4.29510160770974e-09, 3.77951447916303e-09, -2.56552024069379e-09, 1.59344626382563e-09, -4.06144273767950e-09, 3.16113624165837e-09, -1.20431131733767e-09, 2.47425013810698e-09, -3.73128727915173e-09, 4.30956426100693e-09|73
0.54|1.00000000070964e+00, 1.99999999864916e+00, 3.00000000374040e+00, 3.99999999670860e+00, 5.00000000223419e+00, 5.99999999861234e+00, 7.00000000353692e+00, 7.99999999724712e+00, 9.00000000104878e+00, 9.99999999784529e+00, 1.10000000032494e+01, 1.19999999962470e+01|-7.09643899199364e-10, 1.35084166075217e-09, -3.74039954564864e-09, 3.29139826504843e-09, -2.23418972211675e-09, 1.38765532398111e-09, -3.53691831378455e-09, 2.75288236650795e-09, -1.04877706519346e-09, 2.15470841169463e-09, -3.24939897211607e-09, 3.75299435972920e-09|72
0.55|1.00000000081074e+00, 1.99999999845673e+00, 3.00000000427323e+00, 3.99999999623973e+00, 5.00000000255246e+00, 5.99999999841467e+00, 7.00000000404076e+00, 7.99999999685496e+00, 9.00000000119818e+00, 9.99999999753835e+00, 1.10000000037123e+01, 1.19999999957124e+01|-8.10735256706607e-10, 1.54327262080756e-09, -4.27322977003541e-09, 3.76026854098654e-09, -2.55245602431842e-09, 1.58533097760483e-09, -4.04076239135520e-09, 3.14503800780130e-09, -1.19817933352806e-09, 2.46165043904512e-09, -3.71228559004066e-09, 4.28762092496981e-09|70
0.56|1.00000000072248e+00, 1.99999999862473e+00, 3.00000000380803e+00, 3.99999999664908e+00, 5.00000000227459e+00, 5.99999999858725e+00, 7.00000000360087e+00, 7.99999999719734e+00, 9.00000000106774e+00, 9.99999999780633e+00, 1.10000000033082e+01, 1.19999999961791e+01|-7.22476523051796e-10, 1.37526789956155e-09, -3.80803477639802e-09, 3.35091510095253e-09, -2.27458762935839e-09, 1.41274814069448e-09, -3.60087248907348e-09, 2.80266032604004e-09, -1.06774145081090e-09, 2.19367102261003e-09, -3.30815552729291e-09, 3.82085652006481e-09|69
0.57|1.00000000085409e+00, 1.99999999837420e+00, 3.00000000450175e+00, 3.99999999603864e+00, 5.00000000268895e+00, 5.99999999832989e+00, 7.00000000425685e+00, 7.99999999668678e+00, 9.00000000126225e+00, 9.99999999740671e+00, 1.10000000039108e+01, 1.19999999954831e+01|-8.54090353996639e-10, 1.62580171547688e-09, -4.50174786337243e-09, 3.96135524383112e-09, -2.68895217203635e-09, 1.67011027230046e-09, -4.25684820726246e-09, 3.31322436153414e-09, -1.26225430108207e-09, 2.59329091534255e-09, -3.91080767769836e-09, 4.51690773672908e-09|67
0.58|1.00000000077914e+00, 1.99999999851686e+00, 3.00000000410672e+00, 3.99999999638626e+00, 5.00000000245299e+00, 5.99999999847644e+00, 7.00000000388331e+00, 7.99999999697751e+00, 9.00000000115149e+00, 9.99999999763427e+00, 1.10000000035676e+01, 1.19999999958795e+01|-7.79143194407084e-10, 1.48313650250032e-09, -4.10671585626687e-09, 3.61374352664257e-09, -2.45299425216672e-09, 1.52355639215784e-09, -3.88330700928918e-09, 3.02248626127266e-09, -1.15149134671810e-09, 2.36572894607434e-09, -3.56763152353778e-09, 4.12054568244002e-09|66
0.59|1.00000000071725e+00, 1.99999999863468e+00, 3.00000000378049e+00, 3.99999999667332e+00, 5.00000000225814e+00, 5.99999999859747e+00, 7.00000000357483e+00, 7.99999999721761e+00, 9.00000000106002e+00, 9.99999999782220e+00, 1.10000000032842e+01, 1.19999999962068e+01|-7.17250481230280e-10, 1.36532052330551e-09, -3.78049147542470e-09, 3.32667760005734e-09, -2.25813678866871e-09, 1.40252787161899e-09, -3.57482932145103e-09, 2.78238854178881e-09, -1.06001785127319e-09, 2.17780105060683e-09, -3.28422800066619e-09, 3.79321996035742e-09|65
0.60|1.00000000089088e+00, 1.99999999830416e+00, 3.00000000469567e+00, 3.99999999586800e+00, 5.00000000280478e+00, 5.99999999825795e+00, 7.00000000444022e+00, 7.99999999654405e+00, 9.00000000131663e+00, 9.99999999729500e+00, 1.10000000040793e+01, 1.19999999952885e+01|-8.90881590720483e-10, 1.69583591613787e-09, -4.69566829863766e-09, 4.13199741089443e-09, -2.80478307246312e-09, 1.74205272429617e-09, -4.44022152379375e-09, 3.45594752815259e-09, -1.31662858393611e-09, 2.70500422061559e-09, -4.07927203127656e-09, 4.71148098313279e-09|63
0.61|1.00000000084002e+00, 1.99999999840097e+00, 3.00000000442761e+00, 3.99999999610388e+00, 5.00000000264467e+00, 5.99999999835739e+00, 7.00000000418674e+00, 7.99999999674134e+00, 9.00000000124147e+00, 9.99999999744942e+00, 1.10000000038464e+01, 1.19999999955575e+01|-8.40023828274639e-10, 1.59902624474739e-09, -4.42760761387717e-09, 3.89611543027968e-09, -2.64466848420852e-09, 1.64260516299919e-09, -4.18674339641711e-09, 3.25865823214144e-09, -1.24146559699057e-09, 2.55058196785285e-09, -3.84639875505854e-09, 4.44251746500868e-09|62
0.62|1.00000000079948e+00, 1.99999999847814e+00, 3.00000000421393e+00, 3.99999999629191e+00, 5.00000000251704e+00, 5.99999999843667e+00, 7.00000000398469e+00, 7.99999999689860e+00, 9.00000000118155e+00, 9.99999999757251e+00, 1.10000000036608e+01, 1.19999999957719e+01|-7.99484700664266e-10, 1.52185686275175e-09, -4.21393453464702e-09, 3.70808983518600e-09, -2.51703813347604e-09, 1.56333168632727e-09, -3.98469346407637e-09, 3.10139913750618e-09, -1.18155263351127e-09, 2.42749287338029e-09, -3.66077479441174e-09, 4.22812540534778e-09|61
0.63|1.00000000076808e+00, 1.99999999853792e+00, 3.00000000404842e+00, 3.99999999643756e+00, 5.00000000241817e+00, 5.99999999849807e+00, 7.00000000382818e+00, 7.99999999702042e+00, 9.00000000113515e+00, 9.99999999766785e+00, 1.10000000035170e+01, 1.19999999959379e+01|-7.68083152635768e-10, 1.46208178897211e-09, -4.04842026568986e-09, 3.56244456156674e-09, -2.41817499357921e-09, 1.50192924763815e-09, -3.82818132749208e-09, 2.97958102635221e-09, -1.13514531108194e-09, 2.33214514366864e-09, -3.51698759004648e-09, 4.06205380443225e-09|60
0.64|1.00000000074493e+00, 1.99999999858198e+00, 3.00000000392640e+00, 3.99999999654493e+00, 5.00000000234529e+00, 5.99999999854334e+00, 7.00000000371280e+00, 7.99999999711022e+00, 9.00000000110093e+00, 9.99999999773814e+00, 1.10000000034110e+01, 1.19999999960604e+01|-7.44933004170889e-10, 1.41801526076790e-09, -3.92640142621303e-09, 3.45507444876603e-09, -2.34529196063704e-09, 1.45666056994287e-09, -3.71280250988093e-09, 2.88977730633633e-09, -1.10093267835509e-09, 2.26185647989041e-09, -3.41098527201211e-09, 3.93962551470395e-09|59
0.65|1.00000000072941e+00, 1.99999999861154e+00, 3.00000000384458e+00, 3.99999999661693e+00, 5.00000000229642e+00, 5.99999999857370e+00, 7.00000000363543e+00, 7.99999999717044e+00, 9.00000000107799e+00, 9.99999999778528e+00, 1.10000000033399e+01, 1.19999999961425e+01|-7.29408311528346e-10, 1.38846445452145e-09, -3.84457754520895e-09, 3.38307337699462e-09, -2.29641727855778e-09, 1.42630440791436e-09, -3.63542973502717e-09, 2.82955525676698e-09, -1.07798747706056e-09, 2.21471907480009e-09, -3.33990257672667e-09, 3.85752407794371e-09|58
0.66|1.00000000072111e+00, 1.99999999862733e+00, 3.00000000380085e+00, 3.99999999665541e+00, 5.00000000227030e+00, 5.99999999858992e+00, 7.00000000359408e+00, 7.99999999720263e+00, 9.00000000106573e+00, 9.99999999781047e+00, 1.10000000033019e+01, 1.19999999961864e+01|-7.21111836909927e-10, 1.37267264221919e-09, -3.80084941298264e-09, 3.34459482331795e-09, -2.27029861576966e-09, 1.41008271725696e-09, -3.59408236505487e-09, 2.79737388808599e-09, -1.06572706215502e-09, 2.18953033481739e-09, -3.30191518571610e-09, 3.81364984036736e-09|57
0.67|1.00000000071986e+00, 1.99999999862972e+00, 3.00000000379424e+00, 3.99999999666122e+00, 5.00000000226635e+00, 5.99999999859237e+00, 7.00000000358783e+00, 7.99999999720749e+00, 9.00000000106387e+00, 9.99999999781428e+00, 1.10000000032962e+01, 1.19999999961930e+01|-7.19857951025915e-10, 1.37028499658243e-09, -3.79424092145086e-09, 3.33877725466891e-09, -2.26635155087251e-09, 1.40763134481858e-09, -3.58783136533702e-09, 2.79250844670287e-09, -1.06387432197153e-09, 2.18572360211056e-09, -3.29617400041116e-09, 3.80701870028588e-09|56
0.68|1.00000000072567e+00, 1.99999999861866e+00, 3.00000000382486e+00, 3.99999999663427e+00, 5.00000000228464e+00, 5.99999999858101e+00, 7.00000000361679e+00, 7.99999999718495e+00, 9.00000000107246e+00, 9.99999999779664e+00, 1.10000000033228e+01, 1.19999999961623e+01|-7.25668636292198e-10, 1.38134481630914e-09, -3.82486220473766e-09, 3.36572503201182e-09, -2.28464092089098e-09, 1.41899025862813e-09, -3.61678686999767e-09, 2.81504686228118e-09, -1.07246123093319e-09, 2.20336282552580e-09, -3.32277672043801e-09, 3.83774256818015e-09|55
0.69|1.00000000073877e+00, 1.99999999859371e+00, 3.00000000389393e+00, 3.99999999657349e+00, 5.00000000232590e+00, 5.99999999855538e+00, 7.00000000368210e+00, 7.99999999713412e+00, 9.00000000109183e+00, 9.99999999775685e+00, 1.10000000033828e+01, 1.19999999960929e+01|-7.38772820696454e-10, 1.40628975131563e-09, -3.89393495225931e-09, 3.42650574580716e-09, -2.32589947302131e-09, 1.44461598239332e-09, -3.68210351098242e-09, 2.86588441866797e-09, -1.09182707319633e-09, 2.24315499508521e-09, -3.38278027811612e-09, 3.90705068298303e-09|54
0.70|1.00000000075963e+00, 1.99999999855401e+00, 3.00000000400386e+00, 3.99999999647676e+00, 5.00000000239156e+00, 5.99999999851460e+00, 7.00000000378605e+00, 7.99999999705321e+00, 9.00000000112265e+00, 9.99999999769352e+00, 1.10000000034783e+01, 1.19999999959827e+01|-7.59628360214037e-10, 1.44598932827478e-09, -4.00386079846271e-09, 3.52323548113986e-09, -2.39155983905448e-09, 1.48539669453385e-09, -3.78604703143992e-09, 2.94678592638320e-09, -1.12265041707360e-09, 2.30647856369615e-09, -3.47827722180227e-09, 4.01734290278455e-09|53
0.71|1.00000000078894e+00, 1.99999999849821e+00, 3.00000000415837e+00, 3.99999999634080e+00, 5.00000000248385e+00, 5.99999999845728e+00, 7.00000000393215e+00, 7.99999999693950e+00, 9.00000000116597e+00, 9.99999999760452e+00, 1.10000000036125e+01, 1.19999999958276e+01|-7.88941800777820e-10, 1.50178869340323e-09, -4.15836698408611e-09, 3.65919605727072e-09, -2.48384868228868e-09, 1.54271795338445e-09, -3.93214794058849e-09, 3.06050029763583e-09, -1.16597398402973e-09, 2.39548469949113e-09, -3.61250407365787e-09, 4.17237266958637e-09|52
0.72|1.00000000082771e+00, 1.99999999842441e+00, 3.00000000436272e+00, 3.99999999616099e+00, 5.00000000260591e+00, 5.99999999838147e+00, 7.00000000412538e+00, 7.99999999678910e+00, 9.00000000122327e+00, 9.99999999748680e+00, 1.10000000037900e+01, 1.19999999956226e+01|-8.27711899020755e-10, 1.57558921465295e-09, -4.36271685444467e-09, 3.83901266332032e-09, -2.60590837797281e-09, 1.61852931057638e-09, -4.12538003757845e-09, 3.21089999033575e-09, -1.22327215024143e-09, 2.51320209088135e-09, -3.79002607076018e-09, 4.37740688141730e-09|51
0.73|1.00000000087728e+00, 1.99999999833005e+00, 3.00000000462401e+00, 3.99999999593106e+00, 5.00000000276198e+00, 5.99999999828453e+00, 7.00000000437246e+00, 7.99999999659679e+00, 9.00000000129653e+00, 9.99999999733628e+00, 1.10000000040170e+01, 1.19999999953604e+01|-8.77284245248688e-10, 1.66995484107701e-09, -4.62400828737941e-09, 4.06894118398782e-09, -2.76198264259619e-09, 1.71546687965929e-09, -4.37245883944115e-09, 3.40320749359080e-09, -1.29653443536881e-09, 2.66372168766793e-09, -4.01701960583978e-09, 4.63958294005806e-09|50
0.74|1.00000000064741e+00, 1.99999999876763e+00, 3.00000000341236e+00, 3.99999999699726e+00, 5.00000000203825e+00, 5.99999999873404e+00, 7.00000000322673e+00, 7.99999999748855e+00, 9.00000000095680e+00, 9.99999999803426e+00, 1.10000000029644e+01, 1.19999999965761e+01|-6.47406572795717e-10, 1.23237087201744e-09, -3.41236461309791e-09, 3.00274338727036e-09, -2.03825223366039e-09, 1.26595800509222e-09, -3.22672999431006e-09, 2.51145415575138e-09, -9.56799084406157e-10, 1.96573779476239e-09, -2.96442692615528e-09, 3.42385497731357e-09|50
0.75|1.00000000069624e+00, 1.99999999867470e+00, 3.00000000366971e+00, 3.99999999677082e+00, 5.00000000219197e+00, 5.99999999863858e+00, 7.00000000347008e+00, 7.99999999729915e+00, 9.00000000102897e+00, 9.99999999788603e+00, 1.10000000031880e+01, 1.19999999963179e+01|-6.96238622310830e-10, 1.32530053598146e-09, -3.66971475429523e-09, 3.22918314310527e-09, -2.19197371364999e-09, 1.36141942164159e-09, -3.47008111134528e-09, 2.70084576925456e-09, -1.02896535736363e-09, 2.11397477301034e-09, -3.18799386889168e-09, 3.68205554934775e-09|49
0.76|1.00000000075648e+00, 1.99999999855970e+00, 3.00000000398768e+00, 3.99999999649078e+00, 5.00000000238185e+00, 5.99999999852044e+00, 7.00000000377075e+00, 7.99999999706492e+00, 9.00000000111803e+00, 9.99999999770265e+00, 1.10000000034642e+01, 1.19999999959986e+01|-7.56476881136336e-10, 1.44030276594265e-09, -3.98768484899392e-09, 3.50922402247988e-09, -2.38184760803506e-09, 1.47955603324590e-09, -3.77074815816059e-09, 2.93508417570365e-09, -1.11803188929116e-09, 2.29734631318479e-09, -3.46420847563422e-09, 4.00135213851627e-09|48
0.77|1.00000000083207e+00, 1.99999999841974e+00, 3.00000000438063e+00, 3.99999999614779e+00, 5.00000000261717e+00, 5.99999999837667e+00, 7.00000000414237e+00, 7.99999999677825e+00, 9.00000000122927e+00, 9.99999999747863e+00, 1.10000000038058e+01, 1.19999999956073e+01|-8.32070412570829e-10, 1.58025903473913e-09, -4.38062830454555e-09, 3.85221143872627e-09, -2.61717314486987e-09, 1.62332725039960e-09, -4.14237355528257e-09, 3.22175086608922e-09, -1.22926735457440e-09, 2.52136977962891e-09, -3.80578413228250e-09, 4.39265868124039e-09|47
0.78|1.00000000062678e+00, 1.99999999882711e+00, 3.00000000327541e+00, 3.99999999713205e+00, 5.00000000195960e+00, 5.99999999879513e+00, 7.00000000309752e+00, 7.99999999760232e+00, 9.00000000092382e+00, 9.99999999812512e+00, 1.10000000028465e+01, 1.19999999967287e+01|-6.26776630596737e-10, 1.17289178369617e-09, -3.27540750078015e-09, 2.86795387438588e-09, -1.95959870552542e-09, 1.20487442245576e-09, -3.09752135052577e-09, 2.39768294107989e-09, -9.23822796039531e-10, 1.87487714242707e-09, -2.84654966264952e-09, 3.27128546473432e-09|47
0.79|1.00000000062950e+00, 1.99999999861793e+00, 3.00000000357461e+00, 3.99999999672467e+00, 5.00000000210649e+00, 5.99999999858043e+00, 7.00000000337744e+00, 7.99999999725116e+00, 9.00000000095296e+00, 9.99999999783197e+00, 1.10000000030953e+01, 1.19999999962755e+01|-6.29500229720747e-10, 1.38206712740896e-09, -3.57460860911374e-09, 3.27532534427633e-09, -2.10649453435963e-09, 1.41956935095777e-09, -3.37744143763530e-09, 2.74884470741199e-09, -9.52963929989892e-10, 2.16802575891961e-09, -3.09534442521908e-09, 3.72446784524527e-09|46
0.80|1.00000000022188e+00, 1.99999999869788e+00, 3.00000000239794e+00, 3.99999999726848e+00, 5.00000000129509e+00, 5.99999999866318e+00, 7.00000000225454e+00, 7.99999999767037e+00, 9.00000000043624e+00, 9.99999999809769e+00, 1.10000000020352e+01, 1.19999999969342e+01|-2.21879403738967e-10, 1.30212041149491e-09, -2.39793962464319e-09, 2.73151634644364e-09, -1.29508848090154e-09, 1.33682132030799e-09, -2.25453522517682e-09, 2.32962715784879e-09, -4.36237712619914e-10, 1.90230942109793e-09, -2.03516314911667e-09, 3.06575742570203e-09|46
0.81|9.99999999658612e-01, 1.99999999913169e+00, 3.00000000032048e+00, 3.99999999864563e+00, 4.99999999995461e+00, 5.99999999910938e+00, 7.00000000028069e+00, 7.99999999878953e+00, 8.99999999968239e+00, 9.99999999891642e+00, 1.10000000001956e+01, 1.19999999985400e+01|3.41387917934810e-10, 8.68306981871569e-10, -3.20481419180396e-10, 1.35437350223810e-09, 4.53894699603552e-11, 8.90618245819041e-10, -2.80691025977831e-10, 1.21047083467829e-09, 3.17610826527925e-10, 1.08358300110467e-09, -1.95576888017968e-10, 1.46003920065141e-09|48
0.82|9.99999999637864e-01, 1.99999999954216e+00, 2.99999999969311e+00, 3.99999999945972e+00, 4.99999999963774e+00, 5.99999999953071e+00, 6.99999999969291e+00, 7.99999999948942e+00, 8.99999999960605e+00, 9.99999999949749e+00, 1.09999999996708e+01, 1.19999999994476e+01|3.62135987863610e-10, 4.57839322010045e-10, 3.06886516199256e-10, 5.40275824079117e-10, 3.62256002972572e-10, 4.69291272509054e-10, 3.07085912254479e-10, 5.10584463597752e-10, 3.93949761701151e-10, 5.02510033584258e-10, 3.29194449477654e-10, 5.52359935568347e-10|52
0.83|1.00000000054608e+00, 2.00000000057428e+00, 3.00000000062490e+00, 4.00000000059002e+00, 5.00000000062499e+00, 6.00000000058849e+00, 7.00000000061467e+00, 8.00000000057607e+00, 9.00000000060835e+00, 1.00000000005956e+01, 1.10000000006309e+01, 1.20000000005832e+01|-5.46081624364092e-10, -5.74283287591015e-10, -6.24899243462096e-10, -5.90017812385213e-10, -6.24993390374584e-10, -5.88494586395427e-10, -6.14669204423990e-10, -5.76067193946983e-10, -6.08352479503083e-10, -5.95601790109868e-10, -6.30921093147663e-10, -5.83179726731942e-10|55
0.84|1.00000000058796e+00, 2.00000000063117e+00, 3.00000000065489e+00, 4.00000000066012e+00, 5.00000000066422e+00, 6.00000000064681e+00, 7.00000000064504e+00, 8.00000000064169e+00, 9.00000000065342e+00, 1.00000000006592e+01, 1.10000000006644e+01, 1.20000000006555e+01|-5.87960125031373e-10, -6.31168006748339e-10, -6.54889475981690e-10, -6.60118182338465e-10, -6.64217125745381e-10, -6.46807052362419e-10, -6.45038689128796e-10, -6.41687591951268e-10, -6.53423981589185e-10, -6.59216681242469e-10, -6.64428512209270e-10, -6.55530740800714e-10|59
0.85|9.99999999466688e-01, 1.99999999942587e+00, 2.99999999940825e+00, 3.99999999939809e+00, 4.99999999939862e+00, 5.99999999941164e+00, 6.99999999941703e+00, 7.99999999941524e+00, 8.99999999940751e+00, 9.99999999939979e+00, 1.09999999993992e+01, 1.19999999994019e+01|5.33311728112551e-10, 5.74127634322963e-10, 5.91753313017307e-10, 6.01908745068158e-10, 6.01380278908437e-10, 5.88355142383534e-10, 5.82965675732794e-10, 5.84757131605329e-10, 5.92493165640917e-10, 6.00211436108111e-10, 6.00790528437756e-10, 5.98095795112386e-10|64
0.86|9.99999999561874e-01, 1.99999999952844e+00, 2.99999999951373e+00, 3.99999999950571e+00, 4.99999999950589e+00, 5.99999999951675e+00, 6.99999999952096e+00, 7.99999999951977e+00, 8.99999999951324e+00, 9.99999999950705e+00, 1.09999999995063e+01, 1.19999999995089e+01|4.38125757895591e-10, 4.71562122683622e-10, 4.86270135269251e-10, 4.94291274577563e-10, 4.94109642090734e-10, 4.83246331839382e-10, 4.79042583378941e-10, 4.80230966104500e-10, 4.86755524775617e-10, 4.92951457431445e-10, 4.93670881951402e-10, 4.91139573455257e-10|70
0.87|9.99999999523730e-01, 1.99999999948739e+00, 2.99999999947139e+00, 3.99999999946268e+00, 4.99999999946287e+00, 5.99999999947468e+00, 6.99999999947924e+00, 7.99999999947797e+00, 8.99999999947087e+00, 9.99999999946414e+00, 1.09999999994633e+01, 1.19999999994661e+01|4.76270245464150e-10, 5.12610398573088e-10, 5.28614485517664e-10, 5.37315081317047e-10, 5.37131228384169e-10, 5.25315790866898e-10, 5.20756771038577e-10, 5.22030418892427e-10, 5.29134069893189e-10, 5.35859356887158e-10, 5.36658717464888e-10, 5.33885824438585e-10|76
0.88|1.00000000051233e+00, 2.00000000055142e+00, 3.00000000056864e+00, 4.00000000057800e+00, 5.00000000057780e+00, 6.00000000056509e+00, 7.00000000056019e+00, 8.00000000056156e+00, 9.00000000056920e+00, 1.00000000005764e+01, 1.10000000005773e+01, 1.20000000005743e+01|-5.12332176683117e-10, -5.51424683692403e-10, -5.68640246001451e-10, -5.77999870188250e-10, -5.77804470935916e-10, -5.65091973214749e-10, -5.60188340159584e-10, -5.61557911282762e-10, -5.69201574762701e-10, -5.76434899812739e-10, -5.77296432879848e-10, -5.74313929746495e-10|83
0.89|1.00000000058393e+00, 2.00000000062849e+00, 3.00000000064811e+00, 4.00000000065878e+00, 5.00000000065855e+00, 6.00000000064406e+00, 7.00000000063848e+00, 8.00000000064004e+00, 9.00000000064875e+00, 1.00000000006570e+01, 1.10000000006580e+01, 1.20000000006546e+01|-5.83933346121057e-10, -6.28488372456104e-10, -6.48111786460959e-10, -6.58777032924718e-10, -6.58554100141373e-10, -6.44064357402385e-10, -6.38476826964052e-10, -6.40037356447465e-10, -6.48746834031044e-10, -6.56994458836380e-10, -6.57975007811729e-10, -6.54573284464277e-10|91
0.90|1.00000000059872e+00, 2.00000000064441e+00, 3.00000000066453e+00, 4.00000000067547e+00, 5.00000000067523e+00, 6.00000000066038e+00, 7.00000000065465e+00, 8.00000000065625e+00, 9.00000000066518e+00, 1.00000000006736e+01, 1.10000000006746e+01, 1.20000000006712e+01|-5.98724625433533e-10, -6.44409414718439e-10, -6.64527544103066e-10, -6.75467681787723e-10, -6.75234090863341e-10, -6.60380194972277e-10, -6.54651444165211e-10, -6.56250165320671e-10, -6.65181687509175e-10, -6.73638922421560e-10, -6.74644340392661e-10, -6.71157351916918e-10|101
0.91|9.99999999483839e-01, 1.99999999944445e+00, 2.99999999942711e+00, 3.99999999941768e+00, 4.99999999941788e+00, 5.99999999943069e+00, 6.99999999943562e+00, 7.99999999943425e+00, 8.99999999942655e+00, 9.99999999941926e+00, 1.09999999994184e+01, 1.19999999994214e+01|5.16161446917351e-10, 5.55545165425997e-10, 5.72889735650506e-10, 5.82318637754042e-10, 5.82121906234079e-10, 5.69311708886744e-10, 5.64375213230051e-10, 5.65752777959005e-10, 5.73454173036225e-10, 5.80742565148284e-10, 5.81609427285912e-10, 5.78603831513647e-10|114
0.92|1.00000000054819e+00, 2.00000000059002e+00, 3.00000000060844e+00, 4.00000000061845e+00, 5.00000000061824e+00, 6.00000000060464e+00, 7.00000000059939e+00, 8.00000000060086e+00, 9.00000000060903e+00, 1.00000000006168e+01, 1.10000000006177e+01, 1.20000000006145e+01|-5.48187717441806e-10, -5.90015591939164e-10, -6.08435080096115e-10, -6.18449291778234e-10, -6.18239681671184e-10, -6.04637229173477e-10, -5.99392535605148e-10, -6.00858029997653e-10, -6.09034600529412e-10, -6.16775963635519e-10, -6.17697892835167e-10, -6.14504003237926e-10|129
0.93|9.99999999406841e-01, 1.99999999936158e+00, 2.99999999934165e+00, 3.99999999933082e+00, 4.99999999933104e+00, 5.99999999934576e+00, 6.99999999935144e+00, 7.99999999934985e+00, 8.99999999934100e+00, 9.99999999933262e+00, 1.09999999993316e+01, 1.19999999993351e+01|5.93158855366482e-10, 6.38417541054537e-10, 6.58349375015632e-10, 6.69184263557554e-10, 6.68958222149740e-10, 6.54237553021630e-10, 6.48562981098166e-10, 6.50149267755751e-10, 6.58996412994384e-10, 6.67375488205835e-10, 6.68370248035899e-10, 6.64917010340105e-10|148
0.94|9.99999999433727e-01, 1.99999999939052e+00, 2.99999999937149e+00, 3.99999999936115e+00, 4.99999999936136e+00, 5.99999999937542e+00, 6.99999999938083e+00, 7.99999999937932e+00, 8.99999999937087e+00, 9.99999999936287e+00, 1.09999999993619e+01, 1.19999999993652e+01|5.66273361535252e-10, 6.09481132229917e-10, 6.28510576916597e-10, 6.38853858703214e-10, 6.38637587258017e-10, 6.24584828301522e-10, 6.19167828119771e-10, 6.20680395968520e-10, 6.29128749096708e-10, 6.37125907587688e-10, 6.38072705783088e-10, 6.34777563846001e-10|174
0.95|1.00000000059781e+00, 2.00000000064342e+00, 3.00000000066351e+00, 4.00000000067443e+00, 5.00000000067421e+00, 6.00000000065937e+00, 7.00000000065365e+00, 8.00000000065525e+00, 9.00000000066417e+00, 1.00000000006726e+01, 1.10000000006736e+01, 1.20000000006701e+01|-5.97809801661242e-10, -6.43424424850991e-10, -6.63512356169349e-10, -6.74432065750352e-10, -6.74206468431748e-10, -6.59373888822756e-10, -6.53649578907789e-10, -6.55248300063249e-10, -6.64165611397038e-10, -6.72606859097868e-10, -6.73612277068969e-10, -6.70130617663744e-10|209
0.96|1.00000000060196e+00, 2.00000000064789e+00, 3.00000000066812e+00, 4.00000000067911e+00, 5.00000000067889e+00, 6.00000000066395e+00, 7.00000000065818e+00, 8.00000000065980e+00, 9.00000000066878e+00, 1.00000000006773e+01, 1.10000000006783e+01, 1.20000000006748e+01|-6.01958927148871e-10, -6.47888853677614e-10, -6.68119337632334e-10, -6.79114542379011e-10, -6.78885392346729e-10, -6.63948007684212e-10, -6.58184617918778e-10, -6.59795773572114e-10, -6.68775257395282e-10, -6.77278677585491e-10, -6.78284095556592e-10, -6.74781119869294e-10|261
0.97|9.99999999431346e-01, 1.99999999938795e+00, 2.99999999936885e+00, 3.99999999935846e+00, 4.99999999935867e+00, 5.99999999937278e+00, 6.99999999937823e+00, 7.99999999937671e+00, 8.99999999936823e+00, 9.99999999936019e+00, 1.09999999993592e+01, 1.19999999993626e+01|5.68654456856166e-10, 6.12045303327591e-10, 6.31154239982834e-10, 6.41542818868857e-10, 6.41325215156030e-10, 6.27215612780674e-10, 6.21771967246332e-10, 6.23293416879278e-10, 6.31773744430575e-10, 6.39806430058343e-10, 6.40762110037940e-10, 6.37447428175619e-10|346
0.98|1.00000000058331e+00, 2.00000000062781e+00, 3.00000000064742e+00, 4.00000000065807e+00, 5.00000000065785e+00, 6.00000000064337e+00, 7.00000000063779e+00, 8.00000000063935e+00, 9.00000000064805e+00, 1.00000000006563e+01, 1.10000000006573e+01, 1.20000000006539e+01|-5.83307402379774e-10, -6.27814245035552e-10, -6.47416342758333e-10, -6.58070931081056e-10, -6.57846221940872e-10, -6.43372466413439e-10, -6.37791153224043e-10, -6.39353459064296e-10, -6.48054054863678e-10, -6.56291021527977e-10, -6.57268017789647e-10, -6.53875176226393e-10|505
0.99|9.99999999403678e-01, 1.99999999935818e+00, 2.99999999933814e+00, 3.99999999932725e+00, 4.99999999932748e+00, 5.99999999934227e+00, 6.99999999934798e+00, 7.99999999934639e+00, 8.99999999933749e+00, 9.99999999932907e+00, 1.09999999993281e+01, 1.19999999993315e+01|5.96321769741337e-10, 6.41821262803433e-10, 6.61859456130287e-10, 6.72750744001860e-10, 6.72522482147997e-10, 6.57726317854213e-10, 6.52021547864479e-10, 6.53614051771001e-10, 6.62508270465878e-10, 6.70933530955153e-10, 6.71931843498896e-10, 6.68460842234708e-10|920
1.00|1.00000000060213e+00, 2.00000000064807e+00, 3.00000000066830e+00, 4.00000000067931e+00, 5.00000000067907e+00, 6.00000000066413e+00, 7.00000000065837e+00, 8.00000000065998e+00, 9.00000000066896e+00, 1.00000000006775e+01, 1.10000000006785e+01, 1.20000000006750e+01|-6.02126126736380e-10, -6.48070486164443e-10, -6.68304522832841e-10, -6.79305500739247e-10, -6.79074574350125e-10, -6.64131860617090e-10, -6.58369359030075e-10, -6.59980514683411e-10, -6.68961774863419e-10, -6.77466971410468e-10, -6.78477718452086e-10, -6.74969413694271e-10|4761
