5973213548101451008292307737573725677018412984389606874842794609122695433212926189957763224383050570167628857951638148450835924468290471791166397257275250501017308742270627343815081957699252792185131740717430828022260485461009664131185490778852667592044395801031288387508100625568214453077585475640083087360.000000000000000
-11370304258050157913951058413315405837389171952133243470278698298936929881569629764477811830150433739147310568387939033658744713243125474101589575210771054111300177016604190460225073842452875633693783253172297326863778636701769592857330268439473945592855721650173990734597437731817584198463169125004408258560.000000000000000
inf
-inf
18805652676755876963080863321462465719534723684724631415130917105568561282412762105429889882416124317518403338999942412213731431513612149592618343503834825463478360726608142263266355947717775224552966236429371659358155839994878266861408354141269133718391784154703993464292253578448944018164271773027517071360.000000000000000
-inf
inf
-23171593236849261724733361625413954815388779842442547778366858977164553014756952707467832303963262495193647211820249367057448804750916113671174410092354636749064983479242351272808889070694229012736127615179541525546651718473390332380412780564049682869359797701080897424972741353380207014304088610283064393728.000000000000000
8827786216010628834638739568002584638531603395455031087797564985008907735159759469802483635191377741305438759153597918686453703245450765496002293977343940349401371830014858468094506504225726387380971051071225808534464244953079417243209696392822191632657155082358948695368341700842415888413356099838756782080.000000000000000
-inf
inf
-31589761584008926317126723467525278495305058068569336137995716753622697361858491971208529520602314096472113526038981267564668429009330681757766272287402933016359524868493049290178637068886037161396760441931799544668464125874865453639061342087554959079306643863949107937827756758784281834311018037980686188544.000000000000000
